//Leadwerks Material File

blendmode=0
castshadows=1
zsort=0
cullbackfaces=1
depthtest=1
depthmask=1
diffuse=1.00000000,1.00000000,1.00000000,1.00000000
specular=0.501960814,0.501960814,0.501960814,0.501960814
alwaysuseshader=0
mappingscale=1.00000000,1.00000000,1.00000000
drawmode=-1

shader="Shaders/Model/diffuse+normal+specular.shader"
texture0="./gardenhose001_default_diffuse.tex"
texture1="./gardenhose001_default_normal.tex"
texture2="./gardenhose001_default_specular.tex"
