//Leadwerks Material File

blendmode=0
castshadows=1
zsort=0
cullbackfaces=1
depthtest=1
depthmask=1
diffuse=1.00000000,1.00000000,1.00000000,1.00000000
specular=0.501960814,0.501960814,0.501960814,0.501960814
alwaysuseshader=0
mappingscale=1.00000000,1.00000000,1.00000000
drawmode=-1

shader="shaders/model/diffuse+normal+specular.shader"
texture0="./floorh_v2.tex"
texture1="./floorh_v2_nrm.tex"
texture2="./floorh_v2_spec.tex"
