//Leadwerks Material File

blendmode=0
castshadows=1
zsort=0
cullbackfaces=1
depthtest=1
depthmask=1
diffuse=1.00000000,1.00000000,1.00000000,1.00000000
specular=0.501960814,0.501960814,0.501960814,0.501960814
alwaysuseshader=0
mappingscale=1.00000000,1.00000000,1.00000000
drawmode=-1

shader="shaders/model/diffuse+normal+specular.shader"
texture0="./railsteps.tex"
texture1="./railsteps_nrm.tex"
texture2="./railsteps_spec.tex"
