//Leadwerks Material File
blendmode=0
castshadows=1
zsort=0
cullbackfaces=1
depthtest=1
depthmask=1
alwaysuseshader=0
drawmode=-1
diffuse=0.800000011920929,0.800000011920929,0.800000011920929,1.0
specular=0.0,0.0,0.0,1.0
shader1="Shaders/Model/Shadow/shadow+animation.shader"