//Leadwerks Material File

blendmode=0
castshadows=1
zsort=0
cullbackfaces=1
depthtest=1
depthmask=1
diffuse=1.00000000,0.235294119,0.235294119,1.00000000
specular=0.501960814,0.501960814,0.501960814,0.501960814
alwaysuseshader=0
mappingscale=1.00000000,1.00000000,1.00000000
drawmode=-1

shader="Shaders/Model/diffuse+normal+specular.shader"
texture0="./cooler001_diffuse.tex"
texture1="./cooler001_normal.tex"
texture2="./cooler001_specular.tex"
