//Leadwerks Material File

blendmode=0
castshadows=1
zsort=0
cullbackfaces=1
depthtest=1
depthmask=1
diffuse=1.00000000,1.00000000,1.00000000,1.00000000
specular=0.0392156877,0.0392156877,0.0392156877,0.0392156877
alwaysuseshader=0
mappingscale=1.00000000,1.00000000,1.00000000
drawmode=-1

shader="Shaders/Model/diffuse+normal+specular.shader"
texture0="./pegboard001_diffuse.tex"
texture1="./pegboard001_normal.tex"
texture2="./pegboard001_specular.tex"
